01 // NOP
01 // NOP
01 // NOP
80 // LDAL #01
01
a1 // STAL #5c00 (LEDPanel)
5c
00
0e
0e
0e
0e
0e
0e
0e
0e
2d // SLAL
15 // BNZ
f2
80 // LDAL #80
80
a1 // STAL #5c00 (LEDPanel)
5c
00
0e
0e
0e
0e
0e
0e
0e
0e
2c // SRAL
15 // BNZ
f2
71 // JMP #fd03
fd
03
01 // NOP
01
01
01
01
01
01
01
01
01
01
01
01
01
01
01
01
01
01
01
01
01
01
01
01
01
01
01
01
01
01
01
01
01
01
01
01
01
01
01
01
01
01
01
01
01
01
01
01
01
01
01
01
01
01
01
01
01
01
01
01
01
01
01
01
01
01
01
01
01
01
01
01
01
01
01
01
01
01
01
01
01
01
01
01
01
01
01
01
01
01
01
01
01
01
01
01
01
01
01
01
01
01
01
01
01
01
01
01
01
01
01
01
01
01
01
01
01
01
01
01
01
01
01
01
01
01
01
01
01
01
01
01
01
01
01
01
01
01
01
01
01
01
01
01
01
01
01
01
01
01
01
01
01
01
01
01
01
01
01
01
01
01
01
01
01
01
01
01
01
01
01
01
01
01
01
01
01
01
01
01
01
01
01
01
01
01
01
01
01
01
01
01
01
01
01
01
01
01
01
01
01
01
01
01
01
01
01
01
01
01
01
01
01
01
01
01
01
