8b
01
19
4f
8b
8b
85
af
7b
93
8b
8e
ca
7e
8b
8b
fd
fd
fc
fc
fb
fb
fa
fa
56
f9
fe
ee
de
ce
ba
07
ef
ef
ef
ef
ef
ef
ef
ef
1d
1e
22
23
24
21
8b
8b
f8
f8
f8
f8
f8
f8
f8
f8
2e
2f
2a
25
4d
4e
1f
1f
45
45
45
45
45
45
4b
a0
41
41
41
40
40
40
40
40
89
89
89
89
89
89
7c
7d
43
43
43
40
40
40
40
40
14
65
65
65
65
65
b7
b0
31
64
64
64
64
64
50
53
09
54
54
54
54
54
8b
89
89
64
64
64
64
64
90
90
1b
51
51
51
51
51
8b
3d
33
35
35
35
35
35
35
35
15
54
54
54
54
54
8b
09
33
35
35
35
35
35
35
35
2b
51
51
51
51
51
8b
09
33
35
35
35
35
35
35
35
3c
54
54
54
54
54
8b
09
33
35
35
35
35
35
35
35
2c
60
60
60
60
60
8b
09
34
36
36
36
36
36
36
36
3e
62
62
62
62
62
6b
8b
34
36
36
36
36
36
36
36
26
60
60
60
60
60
8b
09
34
36
36
36
36
36
36
36
30
62
62
62
62
62
8b
13
34
36
36
36
36
36
36
36